 
 10.6958 
 70.1801 
 72.6269 
 72.9497 
 58.0779 
 146.568 
 169.252 
 101.068 
 190.774 
 116.788 
 116.669 
 98.8804 
 46.2272 
 124.521 
 417.103 
 75.9229 
 623.09 
 185.499 
 135.902 
 36.5655 
 126.989 
 60.1079 
 249.058 
 654.687 
 90.844 
 73.2716 
 317.259 
 23.1098 
 146.543 
 405.402 
 9.93068 
 2.92149 
 1.8559 
 132.55 
 246.935 
 203.15 
 155.012 
 13.8379 
 108.901 
 53.21 
 165.462 
 56.705 
 132.943 
 139.108 
 207.244 
 124.357 
 167.733 
 99.5215 
 118.647 
 258.553 
 164.866 
 15.1505 
 35.2905 
 98.7994 
 116.775 
 98.3722 
 110.955 
 34.1696 
 139.603 
 236.305 
 733.379 
 53.2077 
 112.199 
 173.095 
 123.479 
 113.821 
 631.566 
 84.0602 
 149.94 
 164.255 
 41.3522 
 229.02 
 206.332 
 6.10626 
 159.308 
 62.7006 
 170.871 
 14.5943 
 71.1417 
 243.522 
 214.761 
 181.464 
 192.738 
 216.635 
 40.8909 
 171.888 
 98.3264 
 193.483 
 61.525 
 216.724 
 97.9961 
 81.2398 
 111.09 
 81.7787 
 43.6613 
 279.623 
 158.265 
 401.304 
 63.2357 
 50.6335 
 36.8211 
 403.028 
 116.325 
 9.11112 
 110.566 
 223.773 
 78.1877 
 50.3347 
 99.884 
 314.151 
 127.105 
 148.638 
 484.928 
 143.743 
 110.526 
 133.15 
 80.1816 
 336.685 
 85.3495 
 29.0544 
 150.008 
 208.804 
 425.748 
 117.013 
 101.853 
 31.1457 
 64.0947 
 184.305 
 139.114 
 85.1964 
 107.256 
 153.19 
 90.8343 
 147.259 
 164.514 
 45.637 
 183.697 
 86.7407 
 188.568 
 76.1758 
 70.8359 
 642.03 
 237.36 
 169.143 
 13.6531 
 236.012 
 1.38065 
 80.1406 
 40.8974 
 188.4 
 160.434 
 308.018 
 110.715 
 3.99366 
 58.2725 
 121.976 
 16.2196 
 1.33659 
 25.762 
 43.232 
 274.492 
 143.675 
 272.988 
 83.2535 
 65.4374 
 9.22469 
 624.039 
 737.336 
 116.583 
 317.384 
 45.5227 
 240.316 
 43.9973 
 364.676 
 319.12 
 128.165 
 144.203 
 74.9584 
 117.898 
 145.009 
 14.077 
 94.591 
 25.657 
 110.032 
 333.869 
 41.2666 
 204.006 
 127.104 
 9.66053 
 26.6133 
 218.31 
 48.8708 
 163.184 
 521.968 
 128.126 
 121.498 
 189.991 
 129.202 
 198.361 
 85.8037 
 564.909 
 285.182 
 55.0064 
 35.7143 
 61.8492 
 431.191 
 93.0531 
 10.668 
 100.059 
 75.808 
 48.6409 
 349.923 
 133.709 
 162.546 
 82.4405 
 73.0451 
 3.43522 
 42.4005 
 246.205 
 124.507 
 99.5842 
 374.62 
 51.9936 
 78.2439 
 5.39383 
 25.8383 
 28.0364 
 196.707 
 204.301 
 46.347 
 82.0716 
 294.72 
 29.2194 
 373.241 
 98.9747 
 124.607 
 228.644 
 101.288 
 275.069 
 185.783 
 332.206 
 120.891 
 121.195 
 228.062 
 651.937 
 73.6256 
 156.026 
 47.9742 
 42.8713 
 108.322 
 159.819 
 780.703 
 65.4974 
 119.472 
 464.423 
 312.78 
 59.6764 
 44.4956 
 138.829 
 608.984 
 52.0917 
 211.537 
 61.4139 
 157.146 
 75.9533 
 216.23 
 401.756 
 17.3473 
 118.886 
 238.261 
 72.8612 
 50.3495 
 15.682 
 94.1497 
 67.0301 
 138.054 
 629.756 
 189.656 
 280.743 
 185.116 
 96.8513 
 130.323 
 575.666 
 103.922 
 19.3058 
 48.3176 
 167.654 
 277.649 
 368.052 
 186.641 
 134.358 
 431.639 
 78.9298 
 151.896 
 462.116 
 117.016 
 93.1497 
 376.333 
 5.82545 
 116.163 
 196.673 
 115.118 
 180.756 
 1.95214 
 111.312 
 57.7782 
 19.9053 
 126.025 
 55.9254 
 217.836 
 302.229 
 84.0992 
 53.9913 
 148.592 
 405.513 
 264.792 
 156.752 
 3.19425 
 76.9464 
 133.203 
 48.5576 
 48.0223 
 175.881 
 120.734 
 7.95332 
 80.5571 
 402.804 
 80.6909 
 99.8237 
 201.779 
 19.4175 
 183.863 
 59.4273 
 323.173 
 158.421 
 971.848 
 113.619 
 130.191 
 142.725 
 222.825 
 195.616 
 14.4791 
 56.0204 
 642.123 
 217.737 
 125.486 
 79.0594 
 25.5735 
 38.9774 
 26.1489 
 148.259 
 73.794 
 11.2642 
 179.908 
 88.1285 
 93.9788 
 93.6095 
 79.3543 
 328.193 
 544.185 
 327.025 
 221.089 
 124.789 
 403.193 
 126.752 
 70.8476 
 204.01 
 103.293 
 420.045 
 40.4233 
 268.906 
 166.067 
 39.7598 
 8.28473 
 160.592 
 243.178 
 495.666 
 156.595 
 286.839 
 135.148 
 205.185 
 346.396 
 124.539 
 38.2573 
 614.36 
 53.0467 
 87.8339 
 54.7834 
 119.431 
 379.551 
 88.6853 
 92.9549 
 111.309 
 136.225 
 161.711 
 100.892 
 87.1565 
 115.618 
 38.8863 
 72.2436 
 343.009 
 66.87 
 338.41 
 119.276 
 176.622 
 70.1992 
 39.3316 
 219.068 
 68.4746 
 148.991 
 350.63 
 115.439 
 120.549 
 792.295 
 363.174 
 28.8804 
 143.883 
 119.335 
 295.267 
 377.028 
 181.483 
 261.964 
 264.487 
 99.2404 
 131.569 
 4.21778 
 18.9899 
 128.29 
 89.1429 
 171.368 
 3.76476 
 13.7791 
 325.148 
 202.811 
 109.74 
 18.8928 
 51.0945 
 20.7781 
 106.281 
 130.653 
 29.2529 
 272.493 
 54.9683 
 11.7306 
 94.0848 
 100.446 
 110.598 
 610.979 
 53.4336 
 159.838 
 63.104 
 71.2545 
 162.431 
 280.874 
 112.605 
 201.008 
 123.168 
 122.071 
 58.8072 
 230.657 
 763.495 
 52.6023 
 96.148 
 854.062 
 31.5457 
 113.729 
 144.033 
 211.81 
 69.5085 
 64.5839 
 130.434 
 93.7838 
 245.655 
 25.4067 
 158.049 
 456.572 
 373.718 
 61.844 
 48.9959 
 32.9048 
 204.04 
 74.7265 
 119.627 
 124.795 
 102.528 
 300.443 
 25.0954 
 47.5614 
 128.712 
 90.1527 
 287.252 
 226.158 
 6.45496 
 46.1701 
 230.095 
 11.4436 
 302.028 
 45.5244 
 114.672 
 133.743 
 132.874 
 41.0528 
 244.118 
 103.837 
 386.188 
 436.002 
 410.474 
 438.223 
 121.626 
 43.8189 
 31.8633 
 913.057 
 113.193 
 199.981 
 48.694 
 89.2411 
 120.573 
 54.6052 
 110.805 
 532.838 
 124.602 
 129.769 
 60.2535 
 532.212 
 73.143 
 203.622 
 133.895 
 80.7571 
 86.0528 
 64.7932 
 78.6993 
 102.523 
 21.7212 
 859.695 
 156.913 
 164.261 
 121.541 
 59.5762 
 44.4945 
 35.1041 
 138.853 
 107.993 
 40.1872 
 51.6095 
 90.5745 
 125.126 
 22.8992 
 94.6208 
 185.168 
 52.6373 
 120.816 
 150.145 
 58.5577 
 140.877 
 67.5878 
 33.5379 
 8.54549 
 36.6912 
 147.278 
 68.9921 
 133.578 
 67.6851 
 385.941 
 664.862 
 122.432 
 84.7798 
 80.8888 
 0.226977 
 4.22271 
 47.0178 
 48.6887 
 191.622 
 140.132 
 60.0182 
 94.7605 
 150.74 
 102.775 
 148.071 
 434.021 
 130.892 
 47.1884 
 80.8943 
 120.246 
 87.976 
 29.9698 
 119.711 
 391.047 
 143.868 
 479.149 
 16.3138 
 56.3826 
 106.037 
 252.797 
 86.7997 
 134.673 
 16.9094 
 85.1201 
 90.3288 
 67.6043 
 176.957 
 30.5266 
 87.63 
 747.829 
 89.463 
 8.94345 
 58.4358 
 71.1546 
 133.076 
 209.274 
 42.5012 
 72.8232 
 186.281 
 19.2384 
 73.6132 
 134.663 
 125.208 
 252.407 
 427.145 
 119.478 
 148.916 
 144.469 
 77.2025 
 20.9846 
 72.8588 
 4.16528 
 236.527 
 196.964 
 137.885 
 120.454 
 89.8331 
 90.6304 
 152.163 
 377.417 
 126.299 
 98.4313 
 20.7642 
 469.727 
 131.098 
 106.536 
 14.1554 
 85.8895 
 20.6123 
 37.053 
 113.972 
 51.0276 
 69.7871 
 143.683 
 62.5518 
 343.665 
 108.182 
 292.447 
 46.3734 
 196.122 
 93.6341 
 765.241 
 418.973 
 14.3978 
 158.104 
 9.20455 
 108.476 
 179.741 
 118.639 
 22.8164 
 48.9027 
 145.352 
 125.371 
 95.8995 
 40.3944 
 280.844 
 192.649 
 168.789 
 101.717 
 150.591 
 103.331 
 26.5786 
 224.049 
 105.095 
 208.637 
 57.443 
 16.8298 
 118.796 
 34.5171 
 123.408 
 211.042 
 390.127 
 191.295 
 2.48086 
 91.0988 
 414.456 
 80.524 
 52.1338 
 298.226 
 272.181 
 44.9809 
 122.995 
 75.5661 
 222.527 
 134.592 
 165.449 
 8.67124 
 351.779 
 615.35 
 287.487 
 322.934 
 120.124 
 59.6296 
 131.032 
 19.6736 
 53.678 
 622.531 
 167.46 
 51.0945 
 239.704 
 105.845 
 55.1433 
 656.521 
 57.6077 
 88.3854 
 13.5023 
 86.7049 
 917.833 
 96.7235 
 191.236 
 30.9712 
 357.413 
 45.8518 
 86.0836 
 52.4118 
 21.5687 
 784.749 
 92.8619 
 67.2216 
 244.527 
 34.2109 
 178.781 
 447.227 
 105.308 
 111.396 
 9.72972 
 123.454 
 130.553 
 100.772 
 52.018 
 35.6851 
 115.52 
 67.7284 
 61.6687 
 92.0061 
 13.9636 
 73.4008 
 64.4724 
 165.76 
 132.582 
 191.853 
 192.578 
 99.1651 
 20.25 
 175.337 
 91.2994 
 290.675 
 306.024 
 325.703 
 64.734 
 45.0575 
 90.4439 
 85.3354 
 160.789 
 73.3845 
 117.006 
 138.412 
 78.4673 
 87.7499 
 312.027 
 227.38 
 77.5868 
 200.006 
 399.923 
 6.06696 
 55.8868 
 184.755 
 7.74769 
 412.801 
 59.4522 
 100.015 
 106.127 
 58.0999 
 588.437 
 272.154 
 455.963 
 124.077 
 146.87 
 117.02 
 89.0242 
 26.8583 
 396.191 
 135.181 
 24.5453 
 117.433 
 148.944 
 115.152 
 189.042 
 160.255 
 23.3379 
 120.108 
 129.079 
 270.123 
 66.1404 
 74.6512 
 430.544 
 136.669 
 23.9366 
 94.1628 
 238.032 
 147.554 
 1.86618 
 103.232 
 101.708 
 530.319 
 526.89 
 45.4161 
 86.3618 
 96.5391 
 135.192 
 99.5864 
 122.67 
 4.79195 
 69.6189 
 382.359 
 318.816 
 140.195 
 5.43751 
 424.31 
 128.905 
 91.4911 
 200.376 
 181.826 
 570.699 
 18.6867 
 65.0793 
 262.691 
 59.8259 
 90.3521 
 294.051 
 126.953 
 74.5082 
 108.119 
 106.349 
 189.017 
 47.7382 
 100.585 
 671.331 
 133.155 
 151.952 
 220.018 
 362.676 
 101.253 
 488.668 
 483.509 
 129.632 
 720.416 
 22.4427 
 77.5178 
 82.2828 
 86.9884 
 166.28 
 148.428 
 223.647 
 80.8613 
 78.1732 
 65.8043 
 46.6276 
 91.7775 
 93.8361 
 232.811 
 19.8066 
 77.6265 
 111.381 
 87.5536 
 417.392 
 202.669 
 522.268 
 74.8991 
 184.435 
 24.6491 
 122.279 
 133.396 
 34.3931 
 216.741 
 136.191 
 17.7096 
 137.203 
 12.1098 
 120.096 
 216.036 
 219.606 
 55.6406 
 238.404 
 6.08459 
 132.412 
 42.1561 
 215.716 
 214.086 
 25.581 
 221.434 
 364.995 
 305.892 
 139.051 
 100.797 
 48.2685 
 136.337 
 62.3614 
 297.087 
 59.573 
 41.8532 
 25.2214 
 33.9324 
 302.567 
 124.092 
 78.792 
 822.508 
 90.3067 
 101.466 
 260.878 
 97.4087 
 177.935 
 231.701 
 11.0228 
 74.4374 
 74.9167 
 54.2126 
 102.18 
 174.841 
 340.793 
 14.9699 
 94.0773 
 184.417 
 118.73 
 453.095 
 99.9905 
 92.3111 
 108.477 
 148.891 
 14.6572 
 353.835 
 171.692 
 111.347 
 377.494