 
 170.299 
 53.0467 
 217.836 
 449.634 
 139.114 
 754.697 
 232.285 
 6.10626 
 285.306 
 180.793 
 859.695 
 363.174 
 193.502 
 43.8189 
 225.931 
 221.089 
 462.116 
 42.0694 
 160.692 
 27.8518 
 25.657 
 350.608 
 287.252 
 91.3774 
 624.039 
 54.7834 
 246.934 
 250.773 
 298.854 
 51.9936 
 44.9546 
 148.891 
 377.028 
 211.537 
 273.095 
 72.6302 
 83.2643 
 267.543 
 522.268 
 9.11112 
 100.015 
 144.469 
 104.084 
 317.259 
 62.7006 
 434.391 
 608.984 
 19.9053 
 64.5833 
 530.319 
 90.8343 
 3.43522 
 276.116 
 188.162 
 166.28 
 610.979 
 131.239 
 12.1098 
 131.098 
 137.426 
 110.032 
 211.81 
 164.514 
 0.0495795 
 264.59 
 214.086 
 191.853 
 792.295 
 379.551 
 653.953 
 14.077 
 25.7534 
 747.829 
 171.629 
 122.67 
 8.54549 
 300.443 
 589.366 
 171.888 
 23.1098 
 38.2573 
 110.566 
 614.36 
 20.7642 
 93.0846 
 560.172 
 204.81 
 40.449 
 61.3592 
 232.873 
 136.144 
 119.478 
 134.358 
 244.527 
 9.66053 
 158.421 
 434.021 
 53.9913 
 345.571 
 264.925 
 42.1512 
 525.257 
 150.74 
 212.563 
 0.443924 
 279.623 
 245.655 
 65.2077 
 3.9128 
 264.487 
 342.605 
 278.241 
 133.895 
 368.297 
 925.308 
 19.4175 
 191.295 
 174.958 
 20.6123 
 173.466 
 248.119 
 223.277 
 255.027 
 32.9048 
 64.7677 
 91.7526 
 133.155 
 148.259 
 405.402 
 168.973 
 258.553 
 157.146 
 38.9774 
 223.773 
 81.2314 
 180.368 
 273.048 
 30.46 
 85.1201 
 14.1554 
 26.6133 
 168.707 
 321.891 
 5.39383 
 74.4374 
 140.195 
 414.456 
 42.5012 
 100.059 
 349.923 
 327.025 
 272.181 
 58.6543 
 469.727 
 219.606 
 165.462 
 86.9884 
 22.4427 
 222.169 
 30.5266 
 59.3709 
 89.463 
 222.825 
 183.863 
 236.337 
 229.205 
 163.184 
 262.331 
 121.626 
 236.012 
 61.1485 
 241.905 
 98.9747 
 64.4076 
 225.547 
 120.454 
 239.809 
 102.528 
 143.395 
 532.212 
 253.827 
 202.008 
 233.526 
 249.058 
 165.406 
 455.58 
 75.9229 
 159.967 
 210.23 
 192.649 
 119.431 
 218.839 
 373.241 
 79.0594 
 631.566 
 8.67124 
 71.1546 
 202.669 
 282.832 
 244.637 
 165.817 
 123.454 
 3.99366 
 367.963 
 124.602 
 200.006 
 161.711 
 47.3825 
 243.522 
 833.408 
 104.62 
 178.734 
 272.493 
 15.1505 
 274.492 
 93.8361 
 204.04 
 275.88 
 282.287 
 65.0793 
 430.544 
 26.6361 
 298.226 
 196.964 
 11.7306 
 224.049 
 121.976 
 26.8583 
 138.412 
 258.236 
 173.095 
 123.479 
 16.957 
 42.074 
 53.678 
 56.705 
 71.0279 
 592.029 
 214.761 
 115.16 
 67.93 
 325.148 
 128.905 
 226.766 
 216.23 
 377.417 
 206.548 
 780.703 
 226.005 
 80.1406 
 223.65 
 272.154 
 68.4746 
 15.1957 
 362.676 
 4.75527 
 136.225 
 33.5489 
 123.064 
 4.79195 
 35.3058 
 242.01 
 55.0028 
 187.776 
 169.143 
 73.143 
 53.5289 
 228.61 
 231.701 
 323.741 
 159.308 
 427.145 
 76.3693 
 91.7775 
 117.006 
 25.8383 
 483.509 
 398.532 
 135.902 
 312.78 
 219.595 
 25.0237 
 600.631 
 330.919 
 13.9636 
 405.513 
 72.2436 
 255.953 
 45.0575 
 196.122 
 6.08459 
 238.261 
 54.1292 
 289.858 
 239.704 
 251.38 
 161.243 
 330.136 
 89.8331 
 66.2296 
 67.6851 
 357.413 
 133.15 
 262.691 
 35.6851 
 200.376 
 18.6867 
 114.117 
 336.103 
 410.474 
 184.446 
 268.906 
 209.474 
 51.6095 
 479.149 
 6.06696 
 134.673 
 346.396 
 240.316 
 353.151 
 221.244 
 246.935 
 255.644 
 226.739 
 216.036 
 312.027 
 52.1338 
 295.267 
 921.191 
 193.236 
 87.7499 
 70.8359 
 86.0528 
 621.054 
 282.158 
 128.165 
 2.45038 
 15.7279 
 152.67 
 65.8748 
 204.01 
 167.654 
 386.188 
 356.416 
 40.3944 
 266.308 
 64.0947 
 208.342 
 999.194 
 189.991 
 30.9712 
 196.148 
 16.3138 
 117.898 
 340.915 
 671.331 
 182.998 
 475.983 
 204.665 
 14.6572 
 13.8379 
 22.8992 
 340.793 
 135.58 
 251.623 
 247.312 
 80.8943 
 238.404 
 228.062 
 53.4336 
 4.97333 
 5.82545 
 264.792 
 186.193 
 75.264 
 222.527 
 215.716 
 373.718 
 61.6687 
 101.657 
 7.44732 
 369.555 
 453.504 
 144.033 
 297.087 
 55.8868 
 75.808 
 24.5453 
 216.635 
 290.732 
 52.6023 
 116.513 
 120.238 
 424.31 
 59.8259 
 242.553 
 122.682 
 79.6379 
 9.38854 
 224.82 
 318.816 
 186.328 
 350.63 
 132.189 
 228.245 
 51.0276 
 364.676 
 412.801 
 642.123 
 241.413 
 62.5518 
 417.392 
 90.6304 
 220.018 
 13.7791 
 447.227 
 146.87 
 417.103 
 402.804 
 238.032 
 68.9921 
 74.9167 
 61.844 
 31.5457 
 73.3845 
 6.45496 
 25.7808 
 640.113 
 455.963 
 280.874 
 84.4298 
 126.522 
 19.6736 
 171.368 
 49.98 
 228.494 
 19.2384 
 200.732 
 142.725 
 119.276 
 294.051 
 328.224 
 250.3 
 40.8909 
 101.086 
 6.73968 
 35.773 
 166.067 
 246.205 
 292.447 
 95.1211 
 39.5317 
 32.5708 
 9.93068 
 93.5666 
 97.9921 
 33.9324 
 11.2642 
 203.241 
 488.668 
 20.7781 
 81.169 
 83.2535 
 332.206 
 195.616 
 92.9549 
 159.52 
 100.585 
 11.5524 
 96.2622 
 28.1149 
 275.962 
 275.069 
 133.578 
 201.779 
 150.145 
 84.0992 
 122.071 
 269.015 
 65.4974 
 306.024 
 121.195 
 376.333 
 403.028 
 7.74769 
 236.527 
 35.9997 
 75.8667 
 1.38065 
 526.89 
 42.4005 
 98.3578 
 180.519 
 104.868 
 201.006 
 86.7407 
 20.0769 
 14.4791 
 47.0178 
 4.16528 
 103.922 
 257.631 
 270.123 
 220.645 
 198.361 
 175.337 
 288.197 
 425.748 
 147.278 
 270.436 
 347.623 
 25.5735 
 54.7596 
 118.639 
 305.892 
 19.3058 
 431.191 
 822.508 
 185.801 
 35.7143 
 58.8072 
 223.647 
 124.739 
 192.344 
 211.042 
 280.743 
 42.7158 
 90.3067 
 633.83 
 60.2535 
 136.85 
 97.2734 
 617.55 
 317.384 
 200.443 
 1.33659 
 656.521 
 11.656 
 169.74 
 98.3722 
 1.86618 
 225.628 
 464.423 
 917.833 
 722.726 
 261.964 
 54.788 
 114.953 
 733.379 
 184.435 
 886.948 
 191.236 
 205.185 
 232.811 
 148.991 
 117.016 
 377.494 
 16.8298 
 287.487 
 206.865 
 133.396 
 353.835 
 333.869 
 116.916 
 106.281 
 152.979 
 59.4273 
 290.675 
 271.383 
 8.26898 
 26.5786 
 100.198 
 26.0456 
 368.052 
 170.871 
 138.853 
 44.4956 
 105.845 
 235.586 
 159.838 
 225.485 
 61.4139 
 78.792 
 154.396 
 53.2077 
 248.967 
 436.002 
 74.7265 
 99.884 
 8.5851 
 2.48086 
 180.8 
 539.908 
 23.065 
 160.255 
 201.375 
 57.6077 
 565.294 
 109.978 
 236.668 
 532.838 
 9.72972 
 192.771 
 544.185 
 227.38 
 615.35 
 453.095 
 3.76476 
 252.463 
 42.1561 
 88.3854 
 311.762 
 58.5577 
 37.6328 
 111.514 
 336.99 
 49.5567 
 215.734 
 4.32652 
 854.062 
 420.045 
 206.332 
 217.737 
 581.586 
 109.133 
 28.5995 
 90.3288 
 101.853 
 111.381 
 285.182 
 192.738 
 85.3354 
 80.933 
 397.535 
 41.8532 
 189.656 
 190.97 
 27.7982 
 281.9 
 140.861 
 72.8612 
 39.0698 
 181.147 
 279.951 
 95.3598 
 190.599 
 112.323 
 438.223 
 41.0528 
 79.3543 
 119.472 
 55.0064 
 59.4059 
 34.2109 
 72.6269 
 140.877 
 169.406 
 265.882 
 120.573 
 77.2025 
 575.666 
 268.702 
 209.293 
 113.622 
 143.193 
 96.148 
 396.556 
 204.459 
 594.853 
 570.699 
 130.553 
 138.208 
 374.62 
 80.7835 
 202.424 
 58.3498 
 623.09 
 343.665 
 237.386 
 131.436 
 100.772 
 286.839 
 320.828 
 456.572 
 70.5698 
 313.599 
 765.241 
 4.21778 
 22.8164 
 156.201 
 94.2605 
 343.009 
 74.8991 
 25.5703 
 99.9905 
 134.663 
 24.9075 
 226.158 
 207.061 
 642.03 
 42.219 
 48.6887 
 45.4461 
 44.9809 
 10.668 
 5.43751 
 51.0945 
 78.9298 
 396.191 
 187.457 
 9.20455 
 204.689 
 176.493 
 192.578 
 26.1489 
 44.4945 
 495.666 
 48.6409 
 225.392 
 167.733 
 107.19 
 243.178 
 731.417 
 67.0301 
 4.47269 
 401.756 
 244.992 
 321.204 
 153.19 
 204.301 
 274.36 
 160.192 
 403.193 
 114.672 
 32.0952 
 184.535 
 48.8708 
 329.336 
 9.28512 
 484.928 
 114.974 
 5.59915 
 222.641 
 401.304 
 30.1315 
 116.583 
 221.434 
 203.15 
 185.168 
 40.8974 
 150.168 
 418.973 
 216.724 
 94.591 
 322.934 
 277.649 
 24.9092 
 0.747086 
 763.495 
 58.2725 
 16.9094 
 46.2272 
 260.086 
 399.923 
 2.36233 
 16.8576 
 129.241 
 249.826 
 159.819 
 196.673 
 246.357 
 216.741 
 244.118 
 20.9065 
 971.848 
 208.637 
 385.941 
 59.4522 
 158.049 
 55.9254 
 34.5171 
 155.012 
 211.67 
 45.8518 
 128.29 
 111.347 
 212.58 
 564.909 
 83.9403 
 150.591 
 150.008 
 294.779 
 246.826 
 15.0307 
 351.779 
 148.916 
 188.4 
 431.639 
 130.126 
 423.036 
 135.181 
 60.6013 
 208.804 
 25.762 
 185.783 
 252.253 
 136.669 
 73.8344 
 24.6491 
 30.9982 
 263.158 
 552.865 
 213.329 
 768.916 
 31.8633 
 588.437 
 28.496 
 158.104 
 586.055 
 3.96893 
 237.192 
 160.592 
 84.0602 
 348.839 
 32.8452 
 296.241 
 170.799 
 420.762 
 28.2651 
 991.99 
 192.822 
 92.8721 
 193.756 
 545.968 
 91.0988 
 286.335 
 364.995 
 14.5703 
 530.533 
 336.685 
 29.9698 
 292.872 
 11.0228 
 113.972 
 116.163 
 209.124 
 149.442 
 156.026 
 651.937 
 188.086