 
 45.0575 
 859.695 
 241.905 
 136.225 
 100.772 
 228.245 
 22.8992 
 117.006 
 55.0028 
 81.2314 
 103.922 
 86.9884 
 2.45038 
 124.602 
 4.21778 
 138.412 
 368.297 
 26.8583 
 70.5698 
 122.682 
 9.11112 
 5.43751 
 101.657 
 405.513 
 805.95 
 134.663 
 102.528 
 640.113 
 438.223 
 83.2643 
 170.871 
 185.168 
 274.492 
 196.964 
 75.9229 
 209.474 
 294.779 
 38.9774 
 64.4076 
 60.2535 
 861.755 
 189.991 
 532.212 
 592.029 
 44.4956 
 104.62 
 3.96893 
 225.931 
 412.801 
 275.88 
 802.461 
 148.259 
 228.61 
 270.123 
 526.89 
 40.8909 
 642.123 
 58.6543 
 200.376 
 424.31 
 53.4336 
 41.8532 
 754.664 
 800.771 
 132.189 
 25.7534 
 532.838 
 159.52 
 791.411 
 97.9921 
 373.241 
 0.747086 
 192.738 
 20.6123 
 51.0276 
 16.8576 
 68.4746 
 317.259 
 9.28512 
 131.098 
 117.016 
 110.032 
 364.995 
 343.009 
 235.586 
 193.756 
 9.93068 
 13.7791 
 746.147 
 173.095 
 87.7499 
 53.678 
 275.069 
 64.7677 
 74.7265 
 204.04 
 232.285 
 368.052 
 143.193 
 778.493 
 455.58 
 53.5289 
 111.514 
 219.595 
 328.224 
 617.55 
 826.113 
 399.923 
 418.973 
 110.566 
 200.006 
 838.193 
 0.443924 
 332.206 
 608.984 
 347.623 
 204.01 
 189.656 
 91.7775 
 158.421 
 128.165 
 565.294 
 268.702 
 323.741 
 73.3845 
 823.045 
 402.804 
 126.522 
 6.10626 
 128.905 
 148.991 
 203.241 
 456.572 
 835.302 
 88.3854 
 196.122 
 754.688 
 48.8708 
 298.226 
 810.083 
 42.7158 
 3.9128 
 462.116 
 750.442 
 614.36 
 33.5489 
 137.426 
 203.15 
 92.8721 
 321.204 
 787.385 
 90.3288 
 75.264 
 156.026 
 149.442 
 98.3578 
 119.472 
 272.493 
 25.8383 
 20.7642 
 30.46 
 221.089 
 386.188 
 51.6095 
 159.838 
 65.2077 
 155.012 
 7.44732 
 152.979 
 261.964 
 322.934 
 253.827 
 35.773 
 61.3592 
 93.8361 
 57.6077 
 215.734 
 420.045 
 206.332 
 436.002 
 732.997 
 216.741 
 191.295 
 25.0237 
 59.8259 
 99.9905 
 143.395 
 290.675 
 336.99 
 183.863 
 130.553 
 211.81 
 217.737 
 201.006 
 295.267 
 479.149 
 119.478 
 42.1512 
 312.027 
 32.0952 
 161.243 
 706.2 
 144.469 
 37.6328 
 2.36233 
 117.898 
 244.637 
 356.416 
 135.58 
 72.6269 
 171.888 
 211.537 
 273.095 
 886.086 
 475.983 
 233.526 
 54.7834 
 26.6133 
 287.487 
 398.532 
 306.024 
 305.892 
 4.75527 
 61.1485 
 430.544 
 165.817 
 281.9 
 14.6572 
 405.402 
 118.639 
 348.839 
 122.67 
 35.6851 
 99.884 
 768.916 
 320.828 
 40.3944 
 42.5012 
 53.0467 
 80.8943 
 779.203 
 26.5786 
 615.35 
 772.639 
 805.025 
 28.2651 
 208.637 
 469.727 
 181.147 
 240.316 
 84.0992 
 35.9997 
 8.54549 
 204.459 
 68.9921 
 58.3498 
 735.8 
 113.622 
 243.522 
 10.668 
 14.077 
 135.181 
 191.236 
 221.434 
 832.284 
 200.732 
 653.953 
 417.392 
 79.6379 
 396.191 
 171.368 
 39.0698 
 0.0495795 
 484.928 
 175.337 
 633.83 
 67.0301 
 8.67124 
 342.605 
 447.227 
 226.739 
 226.766 
 22.8164 
 262.691 
 100.015 
 152.67 
 79.3543 
 24.6491 
 396.556 
 731.417 
 90.8343 
 94.2605 
 160.255 
 86.0528 
 106.281 
 97.2734 
 11.656 
 420.762 
 403.028 
 159.819 
 19.6736 
 799.824 
 62.5518 
 763.327 
 167.733 
 158.104 
 216.635 
 747.829 
 222.527 
 317.384 
 25.657 
 9.38854 
 464.423 
 74.8991 
 5.82545 
 263.158 
 244.527 
 59.4059 
 740.598 
 191.853 
 589.366 
 224.82 
 138.208 
 765.241 
 225.485 
 236.668 
 166.067 
 98.9747 
 135.902 
 192.771 
 754.697 
 20.7781 
 42.4005 
 111.381 
 65.8748 
 272.154 
 122.071 
 879.322 
 28.5995 
 11.5524 
 264.59 
 134.358 
 140.861 
 264.792 
 385.941 
 48.6887 
 100.198 
 33.9324 
 192.822 
 133.396 
 252.253 
 42.219 
 246.357 
 723.466 
 195.616 
 44.9809 
 483.509 
 150.168 
 364.676 
 340.793 
 134.673 
 45.4461 
 168.973 
 169.74 
 223.773 
 327.025 
 101.086 
 298.854 
 822.508 
 188.162 
 19.3058 
 449.634 
 455.963 
 80.1406 
 277.649 
 20.9065 
 150.145 
 290.732 
 2.48086 
 530.533 
 59.4522 
 120.573 
 362.676 
 431.639 
 111.347 
 223.647 
 14.4791 
 114.974 
 832.155 
 5.59915 
 761.669 
 829.947 
 90.6304 
 58.8072 
 1.86618 
 61.4139 
 15.0307 
 798.117 
 786.336 
 130.126 
 148.891 
 564.909 
 262.331 
 377.417 
 84.0602 
 24.9092 
 401.756 
 142.725 
 98.3722 
 25.7808 
 434.021 
 170.299 
 248.967 
 220.645 
 903.118 
 158.049 
 92.9549 
 42.1561 
 600.631 
 223.65 
 800.298 
 23.1098 
 192.344 
 588.437 
 59.3709 
 133.895 
 488.668 
 431.191 
 51.0945 
 815.879 
 66.2296 
 227.38 
 854.062 
 93.0846 
 104.868 
 170.799 
 762.579 
 70.8359 
 94.591 
 168.707 
 123.479 
 169.406 
 16.9094 
 184.435 
 594.853 
 733.379 
 7.74769 
 216.036 
 825.959 
 255.644 
 25.5735 
 27.7982 
 796.932 
 236.012 
 166.28 
 163.184 
 296.241 
 220.018 
 886.948 
 586.055 
 833.408 
 807.629 
 752.007 
 83.2535 
 30.9712 
 321.891 
 345.571 
 219.606 
 201.375 
 55.8868 
 258.553 
 52.6023 
 216.724 
 95.3598 
 656.521 
 427.145 
 148.916 
 67.6851 
 171.629 
 796.824 
 353.835 
 280.743 
 238.032 
 743.501 
 330.136 
 279.623 
 792.008 
 6.08459 
 824.357 
 159.308 
 217.836 
 797.31 
 15.1505 
 243.178 
 54.788 
 60.6013 
 19.2384 
 495.666 
 205.185 
 401.304 
 756.864 
 403.193 
 64.0947 
 129.241 
 991.99 
 45.8518 
 286.839 
 821.38 
 24.9075 
 224.049 
 48.6409 
 3.76476 
 312.78 
 133.155 
 610.979 
 75.808 
 201.779 
 434.391 
 13.9636 
 164.514 
 775.39 
 90.3067 
 4.79195 
 287.252 
 570.699 
 64.5833 
 642.03 
 49.98 
 209.124 
 15.7279 
 792.295 
 921.191 
 715.405 
 333.869 
 545.968 
 792.551 
 286.335 
 771.242 
 917.833 
 6.73968 
 5.39383 
 85.1201 
 150.008 
 115.16 
 26.1489 
 215.716 
 44.9546 
 34.2109 
 349.923 
 78.9298 
 18.6867 
 246.935 
 9.20455 
 32.5708 
 44.4945 
 140.877 
 6.45496 
 552.865 
 58.5577 
 53.9913 
 159.967 
 8.26898 
 116.916 
 363.174 
 377.028 
 120.454 
 24.5453 
 410.474 
 72.6302 
 817.54 
 75.8667 
 239.704 
 206.548 
 12.1098 
 780.703 
 249.058 
 760.229 
 47.0178 
 35.7143 
 11.2642 
 59.4273 
 105.845 
 340.915 
 272.181 
 26.0456 
 801.378 
 211.042 
 116.583 
 820.433 
 525.257 
 140.195 
 25.5703 
 41.0528 
 204.301 
 722.726 
 730.799 
 350.608 
 133.578 
 178.734 
 325.148 
 6.06696 
 789.808 
 131.239 
 544.185 
 3.99366 
 379.551 
 794.99 
 828.238 
 212.563 
 83.9403 
 96.148 
 32.9048 
 190.97 
 225.628 
 114.117 
 880.905 
 46.2272 
 40.8974 
 114.953 
 71.1546 
 73.143 
 116.163 
 61.6687 
 72.2436 
 109.978 
 228.062 
 560.172 
 150.591 
 146.87 
 35.3058 
 863.591 
 417.103 
 49.5567 
 631.566 
 3.43522 
 19.9053 
 925.308 
 91.7526 
 167.654 
 207.061 
 453.504 
 161.711 
 74.4374 
 300.443 
 123.064 
 52.1338 
 374.62 
 95.1211 
 425.748 
 268.906 
 150.74 
 154.396 
 623.09 
 225.547 
 14.5703 
 121.626 
 186.328 
 22.4427 
 86.7407 
 30.9982 
 285.182 
 31.5457 
 246.205 
 621.054 
 160.592 
 133.15 
 226.158 
 153.19 
 15.1957 
 180.368 
 85.3354 
 109.133 
 157.146 
 624.039 
 116.513 
 782.871 
 47.3825 
 245.655 
 34.5171 
 55.9254 
 759.292 
 136.85 
 289.858 
 397.535 
 38.2573 
 196.673 
 218.839 
 238.404 
 244.118 
 31.8633 
 144.033 
 40.449 
 8.5851 
 186.193 
 816.306 
 101.853 
 216.23 
 237.192 
 539.908 
 9.66053 
 188.4 
 214.761 
 763.495 
 169.143 
 160.692 
 343.665 
 93.5666 
 32.8452 
 292.447 
 58.2725 
 192.578 
 89.463 
 238.261 
 147.278 
 11.0228 
 842.867 
 54.7596 
 62.7006 
 297.087 
 72.8612 
 530.319 
 56.705 
 128.29 
 39.5317 
 42.074 
 1.33659 
 232.811 
 13.8379 
 258.236 
 575.666 
 1.38065 
 136.144 
 113.972 
 522.268 
 198.361 
 192.649 
 251.623 
 112.323 
 27.8518 
 280.874 
 71.0279 
 78.792 
 236.527 
 84.4298 
 114.672 
 29.9698 
 23.065 
 26.6361 
 423.036 
 734.534 
 350.63 
 971.848 
 772.168 
 77.2025 
 16.8298 
 351.779 
 136.669 
 79.0594 
 9.72972 
 51.9936 
 19.4175 
 264.925 
 414.456 
 131.436 
 819.013 
 119.431 
 202.669 
 76.3693 
 138.853 
 91.3774 
 61.844 
 74.9167 
 730.518 
 96.2622 
 165.462 
 124.739 
 369.555 
 25.762 
 160.192 
 55.0064 
 123.454 
 65.4974 
 42.0694 
 185.783 
 231.701 
 208.804 
 453.095 
 204.81 
 30.5266 
 346.396 
 30.1315 
 4.16528 
 187.776 
 651.937 
 80.933 
 752.423 
 4.97333 
 100.059 
 53.2077 
 4.47269 
 121.195 
 139.114 
 738.085 
 776.003 
 294.051 
 336.685 
 214.086 
 91.0988 
 176.493 
 373.718 
 773.276 
 187.457 
 121.976 
 28.1149 
 20.0769 
 581.586 
 184.446 
 11.7306 
 16.957 
 104.084 
 671.331 
 222.825 
 43.8189 
 16.3138 
 264.487 
 80.7835 
 107.19 
 318.816 
 89.8331 
 208.342 
 100.585 
 180.793 
 67.93 
 357.413 
 119.276 
 65.0793 
 73.8344 
 4.32652 
 377.494 
 999.194 
 174.958 
 14.1554 
 54.1292 
 81.169 
 28.496 
 120.238 
 376.333 
 832.829 
 743.234 
 367.963