 
 241.905 
 270.832 
 189.991 
 94.591 
 395.554 
 226.158 
 236.012 
 431.639 
 388.123 
 214.086 
 236.262 
 453.473 
 42.1561 
 280.743 
 144.747 
 328.193 
 123.479 
 351.023 
 207.489 
 509.491 
 230.095 
 236.527 
 35.7621 
 425.535 
 24.5453 
 167.058 
 297.861 
 298.497 
 358.751 
 365.548 
 25.581 
 4.21778 
 428.675 
 322.364 
 520.042 
 170.299 
 12.8339 
 192.771 
 89.7677 
 917.833 
 330.136 
 5.43751 
 389.578 
 119.431 
 45.4461 
 414.12 
 140.877 
 173.906 
 418.973 
 92.9813 
 11.635 
 221.089 
 99.2404 
 13.9636 
 100.772 
 610.979 
 14.1554 
 86 
 28.2651 
 44.4956 
 77.2025 
 3.65333 
 390.127 
 570.699 
 61.844 
 396.35 
 143.395 
 48.8708 
 443.595 
 20.9333 
 209.124 
 445.024 
 239.704 
 26.5786 
 383.797 
 86.7407 
 1.8559 
 164.514 
 592.029 
 400.408 
 382.335 
 77.4697 
 15.1957 
 285.177 
 167.46 
 160.472 
 407.039 
 264.59 
 52.5821 
 62.5518 
 256.043 
 377.028 
 683.992 
 397.364 
 302.229 
 155.293 
 579.564 
 75.7659 
 346.34 
 377.417 
 664.862 
 68.615 
 33.5489 
 107.19 
 14.7502 
 248.576 
 123.007 
 163.184 
 39.2345 
 47.4161 
 455.58 
 318.768 
 143.745 
 135.181 
 453.553 
 204.01 
 552.365 
 121.976 
 238.032 
 37.0145 
 185.168 
 361.249 
 184.417 
 79.3543 
 212.864 
 150.592 
 203.15 
 395.704 
 287.252 
 111.396 
 181.058 
 42.1512 
 221.089 
 286.839 
 11.0228 
 258.213 
 458.397 
 318.04 
 462.116 
 96.2661 
 280.844 
 100.797 
 9.28512 
 344.124 
 354.078 
 410.678 
 560.172 
 111.381 
 246.935 
 289.364 
 940.033 
 331.033 
 374.62 
 6.08459 
 252.797 
 9.72972 
 319.658 
 244.527 
 539.908 
 429.939 
 265.915 
 3.43522 
 423.036 
 117.843 
 544.941 
 401.756 
 506.453 
 16.9094 
 420.251 
 24.5412 
 90.5745 
 244.637 
 196.17 
 411.477 
 444.084 
 136.669 
 413.807 
 299.793 
 376.63 
 250.796 
 49.98 
 343.009 
 101.657 
 369.889 
 80.1406 
 433.021 
 340.915 
 15.7527 
 425.748 
 464.423 
 182.057 
 317.259 
 144.469 
 118.639 
 11.2642 
 49.5567 
 343.665 
 62.7006 
 14.077 
 109.226 
 321.443 
 189.017 
 340.793 
 74.7265 
 140.132 
 181.826 
 40.449 
 417.699 
 166.067 
 64.7677 
 80.1895 
 331.224 
 516.395 
 9.66053 
 160.592 
 61.3592 
 418.908 
 466.72 
 42.5012 
 478.465 
 36.3589 
 59.0825 
 25.6026 
 19.3058 
 302.567 
 490.636 
 327.229 
 4.16528 
 455.561 
 308.622 
 373.105 
 132.55 
 59.4273 
 80.8943 
 133.396 
 169.252 
 208.804 
 434.104 
 17.07 
 99.884 
 310.122 
 362.589 
 120.17 
 86.4782 
 23.0476 
 388.819 
 445.92 
 434.391 
 0.592169 
 471.991 
 570.69 
 2.45038 
 420.112 
 405.402 
 43.8189 
 38.2573 
 186.533 
 159.819 
 413.4 
 105.845 
 402.804 
 54.1292 
 445.204 
 19.0896 
 269.067 
 100.059 
 290.675 
 168.707 
 14.3978 
 191.295 
 409.385 
 23.9424 
 11.7306 
 150.591 
 420.762 
 19.9053 
 264.792 
 294.051 
 227.046 
 706.444 
 325.793 
 409.853 
 104.728 
 64.1764 
 29.2529 
 20.6123 
 48.6887 
 396.191 
 31.8633 
 13.9207 
 103.922 
 75.8667 
 432.899 
 143.883 
 101.853 
 75.808 
 44.4945 
 47.8055 
 1.86618 
 405.513 
 2.48086 
 135.58 
 108.477 
 72.2436 
 16.957 
 332.812 
 114.117 
 132.189 
 151.956 
 361.039 
 513.283 
 120.108 
 86.9884 
 192.649 
 9.11112 
 339.611 
 146.923 
 185.783 
 700.805 
 18.139 
 281.9 
 211.81 
 69.5085 
 8.26898 
 24.9075 
 333.869 
 39.2016 
 89.463 
 0.218016 
 375.323 
 27.7982 
 217.836 
 614.36 
 266.91 
 59.6703 
 397.271 
 295.335 
 165.462 
 433.288 
 148.259 
 510.841 
 46.1598 
 111.585 
 52.0316 
 822.508 
 158.421 
 4.47269 
 74.8991 
 26.1489 
 204.04 
 85.4551 
 816.427 
 653.953 
 720.416 
 327.025 
 656.521 
 426.833 
 51.9936 
 13.1978 
 148.891 
 427.645 
 6.10626 
 435.031 
 120.454 
 191.853 
 68.2437 
 393.435 
 423.107 
 0.443924 
 171.368 
 73.4008 
 79.0163 
 123.454 
 306.024 
 627.493 
 441.591 
 72.6302 
 113.972 
 272.717 
 464.095 
 159.308 
 272.181 
 530.319 
 453.504 
 376.333 
 47.9049 
 3.9128 
 217.737 
 366.427 
 89.8331 
 560.113 
 93.5666 
 389.466 
 4.22271 
 279.623 
 826.297 
 403.193 
 432.879 
 371.668 
 412.801 
 34.2109 
 294.259 
 228.062 
 24.6491 
 233.618 
 355.65 
 395.079 
 308.347 
 20.7781 
 282.18 
 431.191 
 116.163 
 53.678 
 353.835 
 84.1228 
 20.9846 
 28.0988 
 55.0064 
 271.539 
 417.411 
 45.0575 
 631.566 
 79.0594 
 53.4336 
 106.281 
 25.762 
 274.492 
 87.63 
 51.6095 
 317.384 
 218.31 
 196.707 
 340.908 
 429.721 
 338.957 
 134.474 
 119.472 
 122.848 
 164.714 
 141.302 
 859.695 
 42.4005 
 195.616 
 107.184 
 135.902 
 39.7598 
 180.29 
 31.5457 
 132.383 
 380.648 
 143.193 
 23.817 
 47.457 
 14.6865 
 318.322 
 25.8383 
 123.013 
 385.733 
 65.4974 
 341.736 
 72.8232 
 150.168 
 82.3819 
 71.1546 
 54.8949 
 154.814 
 40.8909 
 297.076 
 833.408 
 218.839 
 314.017 
 1.38065 
 194.484 
 354.689 
 244.118 
 218.631 
 100.446 
 517.252 
 65.8043 
 455.963 
 1.3938 
 399.757 
 224.049 
 58.5577 
 44.1572 
 303.119 
 52.6023 
 64.4076 
 549.51 
 285.182 
 41.5871 
 133.895 
 159.967 
 369.785 
 362.676 
 115.251 
 331.782 
 35.2905 
 204.301 
 216.635 
 158.049 
 188.4 
 471.693 
 78.9298 
 29.9698 
 84.0992 
 150.74 
 48.6409 
 275.069 
 95.3598 
 227.38 
 509.034 
 108.123 
 483.509 
 403.028 
 90.844 
 11.5524 
 94.4723 
 633.493 
 205.185 
 737.336 
 60.4522 
 51.0276 
 314.151 
 130.126 
 124.602 
 59.3709 
 64.0947 
 51.0945 
 376.851 
 228.917 
 64.7932 
 305.426 
 295.267 
 138.853 
 53.2077 
 280.874 
 265.783 
 252.407 
 325.703 
 763.495 
 433.279 
 536.844 
 419.59 
 460.107 
 171.888 
 525.257 
 42.0694 
 160.255 
 73.143 
 109.978 
 323.741 
 445.968 
 54.7834 
 386.845 
 264.542 
 208.509 
 344.322 
 206.548 
 243.522 
 121.195 
 456.572 
 151.443 
 460.282 
 370.372 
 336.565 
 183.863 
 20.7642 
 128.165 
 4.60752 
 320.529 
 350.814 
 169.503 
 142.398 
 131.436 
 392.987 
 78.792 
 67.868 
 75.9229 
 317.01 
 615.35 
 222.527 
 201.008 
 588.437 
 23.6693 
 623.09 
 270.123 
 176.493 
 86.0528 
 223.773 
 543.26 
 72.8612 
 85.7114 
 13.7791 
 55.0015 
 104.62 
 116.583 
 353.829 
 74.9167 
 350.608 
 55.9254 
 312.027 
 136.943 
 608.984 
 221.434 
 361.699 
 8.54549 
 141.107 
 7.01454 
 237.192 
 590.316 
 432.924 
 40.3944 
 61.6687 
 92.9549 
 4.97333 
 268.906 
 96.148 
 313.323 
 4.98754 
 351.779 
 433.757 
 521.968 
 387.984 
 316.837 
 81.169 
 427.145 
 780.703 
 628.298 
 359.992 
 214.761 
 19.6736 
 359.225 
 399.923 
 32.9048 
 65.0793 
 68.6282 
 370.084 
 386.476 
 22.5166 
 264.925 
 293.55 
 9.93068 
 338.806 
 132.36 
 264.487 
 366.406 
 61.1485 
 100.585 
 236.668 
 925.308 
 518.936 
 178.75 
 116.513 
 373.718 
 166.28 
 43.9973 
 169.406 
 389.456 
 414.456 
 44.9809 
 144.033 
 56.705 
 134.358 
 30.1364 
 85.7185 
 133.578 
 93.8361 
 364.676 
 400.062 
 243.178 
 147.278 
 87.7499 
 262.691 
 232.811 
 298.226 
 55.8868 
 194.875 
 99.9905 
 422.828 
 62.3061 
 350.839 
 332.206 
 16.3138 
 180.793 
 112.559 
 258.553 
 294.779 
 747.829 
 460.022 
 68.4746 
 134.673 
 81.7592 
 158.265 
 19.4022 
 100.198 
 422.231 
 73.1436 
 308.736 
 220.018 
 53.9913 
 200.006 
 305.892 
 35.7143 
 241.604 
 261.964 
 426.62 
 575.666 
 84.0602 
 245.655 
 265.332 
 40.2375 
 377.509 
 184.435 
 174.841 
 120.231 
 277.649 
 385.941 
 68.9921 
 117.006 
 60.5919 
 261.158 
 58.8072 
 292.447 
 240.316 
 467.017 
 350.63 
 120.891 
 295.097 
 151.592 
 45.8518 
 47.0178 
 367.175 
 292.851 
 41.2889 
 436.062 
 111.347 
 564.909 
 74.4374 
 142.725 
 488.668 
 363.483 
 91.7775 
 153.19 
 348.662 
 39.3316 
 59.3222 
 234.303 
 25.657 
 26.6133 
 175.337 
 94.3126 
 121.798 
 41.0342 
 382.359 
 410.474 
 784.749 
 90.6304 
 342.605 
 19.4111 
 85.3354 
 400.421 
 436.346 
 164.261 
 5.26077 
 379.551 
 544.185 
 407.305 
 453.095 
 530.983 
 98.9747 
 30.9712 
 517.886 
 29.2557 
 319.12 
 47.5614 
 117.016 
 363.157 
 115.469 
 747.995 
 408.333 
 302.727 
 401.304 
 46.2272 
 390.436 
 228.177 
 424.556 
 624.039 
 272.154 
 370.18 
 152.67 
 441.93 
 28.1149 
 4.79195 
 122.841 
 443.665 
 133.15 
 310.263 
 330.62 
 215.716 
 41.8532 
 83.9403 
 403.452 
 128.29 
 173.095 
 324.631 
 103.574 
 72.6269 
 92.2588 
 287.487 
 971.848 
 290.732 
 417.103 
 208.247 
 327.84 
 14.6572 
 216.23 
 103.331 
 611.746 
 522.268 
 346.396 
 211.537 
 122.194 
 97.2734 
 280.497 
 495.666 
 376.026 
 622.531 
 399.492 
 189.656 
 121.626 
 380.443 
 156.299 
 148.592 
 439.534 
 216.724 
 343.009 
 266.001 
 359.726 
 52.0917 
 246.205 
 122.67 
 252.253 
 19.2384 
 259.304 
 333.394 
 527.532 
 187.457 
 427.265 
 436.002 
 7.92952 
 81.2928 
 16.8298 
 411.877 
 79.6379 
 281.573 
 70.8359 
 486.774 
 318.816 
 219.606 
 449.429 
 377.494 
 251.365 
 430.982 
 273.257 
 52.1338 
 19.8066 
 17.8598 
 131.052 
 12.6066 
 425.951 
 17.5963 
 374.675 
 489.036 
 255.918 
 526.345 
 158.104 
 132.243 
 26.8583 
 40.8974 
 19.4175 
 60.2535 
 484.202 
 532.212 
 384.969 
 45.6777 
 332.05 
 140.195 
 67.0301 
 325.074 
 85.7497 
 438.223 
 402.49 
 238.261 
 122.071 
 229.02 
 59.4522 
 10.5162 
 22.8992 
 110.566 
 73.3845 
 146.87 
 249.058 
 196.673 
 167.654 
 30.0966 
 138.412 
 171.692 
 11.4436 
 414.125 
 6.73968 
 13.8379 
 765.241 
 115.855 
 128.905 
 349.923 
 83.2535 
 365.447 
 103.998 
 115.582 
 20.369 
 119.276 
 298.176 
 211.042 
 406.722 
 148.991 
 320.902 
 451.823 
 25.5735 
 420.045 
 378.812 
 273.095 
 268.684 
 46.9757 
 328.224 
 178.734 
 133.155 
 478.242 
 130.835 
 119.355 
 260.878 
 58.2725 
 18.6867 
 208.637 
 1.33659 
 135.192 
 136.225 
 140.861 
 357.413 
 7.44732 
 336.076 
 532.838 
 129.123 
 53.0467 
 429.959 
 206.332 
 90.8343 
 21.5687 
 306.193 
 6.06696 
 324.608 
 117.246 
 325.423 
 379.465 
 216.499 
 61.4139 
 433.873 
 347.615 
 157.146 
 325.148 
 913.057 
 223.647 
 424.895 
 279.279 
 393.252 
 167.733 
 90.9912 
 3.76476 
 134.663 
 364.995 
 216.036 
 232.253 
 112.468 
 621.054 
 401.934 
 308.018 
 991.99 
 159.838 
 447.955 
 74.287 
 363.174 
 210.446 
 12.1098 
 489.898 
 98.3722 
 323.173 
 401.083 
 110.032 
 207.266 
 314.419 
 520.551 
 126.699 
 238.404 
 115.967 
 125.486 
 380.868 
 432.445 
 526.871 
 9.20455 
 202.669 
 733.379 
 421.742 
 204.81 
 432.269 
 486.464 
 372.401 
 373.241 
 320.828 
 419.541 
 500.229 
 392.069 
 300.443 
 544.401 
 200.096 
 134.008 
 230.657 
 49.8118 
 200.732 
 6.45496 
 320.676 
 413.104 
 90.3288 
 679.813 
 124.739 
 435.42 
 523.264 
 442.89 
 10.9141 
 198.361 
 439.36 
 252.062 
 854.062 
 216.741 
 170.871 
 78.2439 
 192.578 
 196.964 
 297.087 
 792.295 
 999.194 
 298.854 
 220.645 
 434.021 
 111.514 
 139.114 
 231.701 
 15.632 
 598.606 
 38.9774 
 349.748 
 82.4405 
 629.756 
 377.633 
 478.691 
 91.0988 
 23.1098 
 80.524 
 312.78 
 331.468 
 234.684 
 442.128 
 94.2605 
 5.39383 
 263.158 
 440.144 
 201.006 
 150.145 
 396.233 
 382.164 
 432.291 
 42.8713 
 120.573 
 193.756 
 176.957 
 63.8811 
 155.012 
 391.047 
 3.99366 
 368.052 
 102.528 
 23.6984 
 129.769 
 651.937 
 272.626 
 428.613 
 642.123 
 73.0347 
 272.493 
 7.95332 
 77.6265 
 169.143 
 114.672 
 270.284 
 345.992 
 410.073 
 5.82545 
 160.192 
 250.143 
 7.74769 
 294.72 
 28.0364 
 201.779 
 117.495 
 370.884 
 57.6077 
 4.32652 
 374.255 
 2.92149 
 388.784 
 62.9611 
 430.544 
 338.41 
 34.5171 
 22.4427 
 152.968 
 318.941 
 15.1505 
 359.744 
 90.3067 
 191.236 
 28.8804 
 8.28473 
 33.9324 
 647.377 
 119.478 
 90.3457 
 42.7158 
 399.806 
 322.934 
 654.687 
 222.825 
 317.19 
 17.3473 
 436.561 
 405.249 
 4.63042 
 18.9899 
 341.75 
 192.738 
 183.991 
 161.711 
 336.685 
 200.376 
 424.31 
 526.89 
 22.8164 
 28.5995 
 74.7774 
 565.294 
 163.708 
 671.331 
 479.149 
 85.1201 
 10.668 
 38.3279 
 156.026 
 447.227 
 466.217 
 35.6851 
 415.39 
 130.553 
 148.916 
 440.937 
 67.6851 
 318.364 
 495.427 
 484.928 
 88.3854 
 421.254 
 131.098 
 0.807851 
 701.392 
 450.859 
 130.434 
 59.8259 
 432.666 
 10.6958 
 117.898 
 417.392 
 335.565 
 302.293 
 48.0223 
 642.03 
 491.06 
 307.79 
 386.188 
 146.543 
 30.5266 
 71.7442 
 150.008 
 22.9519 
 196.122 
 367.963 
 286.408 
 389.56 
 100.015 
 76.4259 
 8.67124 
 199.981 
 69.884 
 333.947 
 14.4791 
 469.727 
 511.075 
 421.911 
 41.0528 
 336.532 
 76.9366 
 39.2208 
 384.219 
 32.8452 
 356.416 
 335.722